4
2 0 0 6 0 11 13 0 0 3 12 0 1 0 0 9
0 7 1 10 0 14 0 0 0 0 13 0 3 16 5 0
0 4 0 0 7 8 0 0 0 0 9 5 0 0 13 0 
9 13 0 15 0 5 3 6 8 14 10 0 4 0 2 11
0 0 13 0 2 0 0 0 0 0 0 6 0 4 0 0
14 11 8 12 0 0 0 4 2 0 0 0 16 5 10 6
15 0 0 9 0 0 0 14 5 0 0 0 2 0 0 7
0 0 0 4 0 7 6 0 0 12 8 0 14 0 0 0
0 0 0 5 0 13 16 0 0 8 6 0 11 0 0 0
13 0 0 14 0 0 0 11 16 0 0 0 12 0 0 5
10 16 6 1 0 0 0 8 3 0 0 0 13 2 9 4
0 0 9 0 5 0 0 0 0 0 0 13 0 1 0 0 
6 14 0 16 0 1 8 12 7 2 5 0 9 0 4 13 
0 12 0 0 6 15 0 0 0 0 1 9 0 0 7 0
0 15 11 8 0 2 0 0 0 0 16 0 5 10 1 0 
1 0 0 2 0 4 11 0 0 13 3 0 6 0 0 12

srun --x11 --time=00:10:00 --partition=normal --pty bash -l