5
23 8 21 13 19 0 18 0 17 0 16 0 0 20 2 0 4 3 0 10 25 0 11 0 5
0 11 0 25 0 0 15 0 14 0 0 4 0 0 6 23 19 21 13 0 0 0 0 17 18
12 1 0 7 18 0 4 0 3 22 13 0 0 0 23 0 0 0 0 0 16 2 20 0 15
2 20 0 0 15 0 0 8 0 13 25 0 9 11 24 0 0 0 0 0 22 6 0 3 4
6 10 0 22 4 0 0 0 9 0 7 18 0 0 12 2 15 14 16 20 13 23 8 0 0
0 19 22 0 0 11 9 0 25 0 12 17 7 0 0 20 14 16 0 4 23 8 5 13 21
1 0 7 12 17 10 0 0 0 6 23 21 0 0 0 0 0 0 0 18 0 20 0 16 0
8 5 0 23 0 0 17 15 7 12 2 0 16 0 20 10 0 0 0 0 0 0 18 0 9
0 18 0 0 9 20 14 4 0 2 0 0 22 0 10 0 0 0 23 0 0 1 15 7 0
0 4 16 0 14 8 0 0 13 23 24 0 25 18 11 1 0 7 12 15 6 10 19 22 3
0 0 12 1 0 19 0 21 0 0 8 0 0 9 0 18 0 0 11 0 20 4 0 0 0
4 3 2 0 16 0 13 9 0 0 0 25 0 0 0 0 7 0 1 14 10 0 21 0 0
19 21 6 10 22 0 0 17 0 11 0 0 12 0 15 4 16 2 20 0 8 5 0 0 0
0 9 23 8 0 0 7 14 12 0 0 0 0 0 4 0 22 6 0 21 0 18 17 0 25
0 0 24 11 25 0 16 0 2 20 10 0 0 21 19 5 13 0 0 0 0 15 14 0 7
0 0 0 0 0 0 24 7 0 18 15 12 1 0 14 3 2 20 0 0 0 0 0 8 23
9 25 0 0 23 0 12 0 0 0 0 0 0 22 3 0 0 10 19 13 0 0 0 11 24
3 22 20 0 0 9 0 25 0 0 18 24 0 0 17 14 0 1 15 0 0 0 13 10 6
17 7 0 18 24 3 2 22 0 4 19 0 0 13 0 0 23 0 5 0 15 0 0 0 12
14 16 1 15 0 21 0 13 10 19 0 0 8 25 0 17 24 11 18 7 4 3 0 0 2
0 0 0 0 0 7 0 0 18 0 14 0 15 2 16 0 20 0 0 0 0 25 24 0 0
7 12 0 17 0 22 0 0 4 3 21 10 0 23 0 25 0 0 0 24 0 16 0 0 0
22 0 0 3 20 25 0 24 5 0 17 11 0 12 7 16 0 15 14 2 21 13 0 0 0
25 24 0 9 0 0 0 0 0 0 3 20 0 0 0 13 0 19 21 23 0 0 12 0 11
16 2 0 14 1 0 0 23 0 0 0 8 0 24 25 7 0 0 0 0 3 0 6 4 0