6
33 35 4 19 21 23 22 0 11 36 17 18 15 0 0 0 26 8 29 2 34 30 0 0 9 0 14 0 0 32 0 10 0 16 0 25  
0 32 13 0 3 14 34 0 0 0 0 29 0 0 0 0 0 25 18 11 22 0 5 36 0 0 23 0 21 0 31 0 12 26 15 8  
0 0 26 20 15 12 13 9 0 14 3 7 0 18 5 0 22 11 19 35 4 21 33 23 27 0 6 0 1 0 24 29 28 34 30 2  
24 2 34 0 30 28 26 31 8 12 15 20 0 19 33 23 4 35 10 0 0 0 27 6 0 18 36 22 0 0 9 7 14 0 3 32  
27 25 16 10 0 6 0 33 35 23 21 19 30 29 0 28 34 0 7 32 0 3 0 14 31 0 12 0 15 0 0 0 36 22 0 11  
0 11 22 0 17 36 16 27 0 0 1 0 3 7 9 14 13 0 20 8 26 0 0 12 24 0 0 0 0 2 0 0 0 0 21 35  
36 0 0 0 31 17 0 6 0 0 9 0 5 13 0 3 11 0 26 0 35 0 0 15 0 34 30 0 27 0 0 4 21 0 24 19  
23 0 2 4 24 0 8 36 18 0 31 0 0 0 12 15 0 20 34 29 0 0 0 30 14 0 0 0 0 0 0 0 0 32 0 0  
0 20 35 26 0 0 11 14 7 3 5 13 31 0 36 17 0 18 4 19 0 24 23 21 0 0 1 0 9 0 0 0 0 25 27 29  
14 0 11 0 0 3 0 0 29 0 27 34 9 16 0 1 0 0 22 18 8 31 36 0 23 0 21 2 24 19 12 0 0 35 33 20  
28 29 25 0 27 30 0 12 0 15 33 0 0 0 23 21 2 0 0 10 0 9 6 0 0 22 0 0 31 0 14 13 0 0 0 0  
6 10 32 16 9 1 0 0 19 0 24 4 27 0 28 30 0 0 13 7 0 0 14 3 12 0 15 35 33 20 36 22 17 8 31 18  
16 0 9 0 7 0 24 4 23 0 29 0 0 0 0 0 0 0 3 0 5 18 13 11 26 15 0 0 0 0 0 0 8 31 0 36  
0 12 33 0 19 35 5 0 0 11 0 0 20 0 0 0 31 36 0 0 0 29 4 0 0 1 32 9 7 6 34 30 0 27 0 28  
34 0 0 0 0 25 0 26 12 0 0 0 0 21 4 2 0 23 1 6 9 7 16 0 22 17 0 0 20 0 0 3 11 0 0 0  
22 0 31 17 20 0 9 16 6 0 7 1 18 3 0 0 0 14 15 0 33 0 26 35 34 30 25 27 10 28 0 21 2 24 0 0  
4 23 0 21 29 2 31 22 36 0 20 17 0 15 0 35 33 0 30 28 0 0 0 25 0 0 11 5 18 14 16 1 0 0 0 0  
13 14 5 0 18 0 27 0 0 25 0 30 0 0 0 0 0 0 0 0 31 0 0 8 4 21 2 24 29 23 0 15 0 33 19 12  
0 21 0 24 0 29 0 0 17 20 0 31 4 33 35 0 23 0 27 30 6 16 25 10 0 0 18 36 22 3 32 9 7 0 0 1  
35 15 0 33 4 0 36 0 3 0 0 5 26 31 0 20 12 17 0 0 28 34 2 29 32 9 0 14 13 1 25 0 10 6 16 0  
32 0 14 0 13 7 28 0 0 0 34 0 0 0 25 0 6 0 0 3 0 0 0 18 35 33 0 23 4 15 8 0 20 12 26 17  
25 30 6 27 16 10 23 35 0 0 4 33 34 24 2 29 0 0 0 1 14 13 0 7 0 0 0 12 0 0 0 0 18 0 22 0  
11 3 36 5 22 18 6 25 30 0 0 27 0 9 0 7 0 0 0 0 12 26 8 20 0 0 0 0 34 0 35 0 19 23 4 15  
0 0 0 31 26 0 14 32 0 0 0 9 22 5 11 0 0 0 33 15 23 4 35 0 25 0 0 6 0 30 2 0 0 28 34 21  
0 0 30 28 25 34 0 0 0 26 35 0 2 0 0 4 21 0 6 27 0 0 0 0 0 0 0 0 8 0 7 14 0 3 11 9  
0 5 0 0 0 0 1 0 0 0 0 0 0 0 0 0 0 0 0 0 0 0 20 26 29 0 0 0 0 0 0 0 0 0 0 0  
0 0 1 0 0 0 0 19 0 4 0 23 0 0 0 34 30 0 0 9 0 0 0 0 0 12 0 0 35 0 0 0 0 0 8 0  
0 0 0 14 0 0 0 29 0 0 0 0 0 0 0 0 1 0 0 0 17 0 0 22 19 0 0 0 0 33 0 0 26 0 35 0  
0 33 0 23 2 4 17 0 5 22 0 36 0 12 20 0 0 31 28 0 0 25 0 0 0 0 0 3 0 0 10 0 0 0 0 0  
20 31 0 0 0 26 3 7 0 13 0 0 0 36 18 22 0 0 0 33 0 2 19 0 0 0 0 0 0 27 0 28 0 0 0 24  
0 0 0 32 0 9 0 0 0 0 0 0 0 25 0 0 0 0 0 0 0 0 3 0 15 0 0 0 23 26 0 0 0 20 0 0  
21 4 29 0 28 24 0 0 22 31 12 8 0 35 15 33 0 26 25 0 0 0 0 27 3 11 0 18 0 0 1 0 0 7 14 0  
3 0 18 0 36 5 10 0 0 0 6 25 14 32 1 9 7 16 8 22 20 12 17 31 0 0 24 0 28 4 0 35 33 19 0 0  
0 34 10 25 6 27 0 15 0 33 23 35 0 2 0 24 29 0 32 16 7 14 0 9 0 8 31 20 12 22 0 11 0 0 0 13  
17 22 20 0 12 0 7 0 16 9 14 32 36 11 3 5 0 13 0 26 19 23 15 33 30 0 0 10 6 0 0 0 24 29 28 4  
0 0 0 35 0 33 0 3 0 5 36 11 12 0 17 0 0 22 2 4 29 0 21 0 1 32 9 7 14 0 30 0 27 10 0 34  
