5
23 16 0 0 2 15 0 5 7 0 0 0 0 4 24 0 0 0 0 21 14 11 1 18 0  
12 18 0 0 0 25 6 23 0 0 15 0 5 7 0 17 0 0 0 24 0 0 22 21 3  
0 0 0 22 10 0 1 12 14 18 25 6 23 2 0 0 9 0 0 8 4 0 13 24 0  
0 0 0 13 4 0 0 3 0 0 11 1 0 14 0 0 0 2 0 16 7 15 0 0 0  
5 8 15 9 7 17 13 0 0 0 19 0 0 10 0 0 1 0 0 0 2 0 6 16 0  
0 0 0 15 0 20 0 0 0 0 0 0 0 0 0 0 0 0 0 0 0 0 0 0 0  
0 0 3 0 1 12 11 0 0 14 0 25 8 9 2 5 15 0 24 0 22 20 0 0 0  
0 14 12 11 0 0 0 8 9 0 5 0 24 13 0 0 17 22 21 0 0 0 0 10 0  
21 0 0 17 0 0 19 18 0 10 0 11 0 0 14 23 25 9 0 0 13 5 15 7 24  
8 0 0 0 9 5 15 24 13 7 20 0 21 0 4 0 19 1 0 10 0 0 11 0 16  
0 0 4 0 20 10 0 1 0 0 0 0 0 0 0 2 16 23 9 25 5 7 0 0 13  
13 0 0 8 5 0 0 22 0 17 0 21 1 0 19 14 0 0 6 11 0 2 16 0 0  
0 25 2 0 23 7 8 13 5 0 0 0 0 20 0 10 0 0 0 19 12 14 0 11 6  
1 19 10 21 3 14 0 0 12 11 2 0 9 23 25 0 0 0 0 0 20 4 0 0 0  
6 11 0 0 0 0 16 9 0 25 7 8 13 5 15 4 24 0 0 17 0 0 21 0 0  
0 0 18 0 11 0 12 0 25 6 0 23 7 0 9 0 0 17 0 0 0 0 20 22 0  
2 6 0 0 0 8 23 0 0 9 24 5 0 17 0 21 20 0 10 0 0 0 3 0 14  
0 0 0 0 0 18 0 14 0 1 0 0 2 25 0 8 0 0 7 9 0 0 0 13 0  
4 0 24 0 17 0 0 10 0 22 18 0 0 0 1 16 0 25 0 0 0 8 23 0 0  
7 0 0 0 15 24 0 0 17 13 0 20 0 0 22 18 3 11 0 0 0 0 0 6 0  
17 5 13 7 24 22 4 0 21 20 1 10 11 0 0 6 0 0 25 0 8 9 0 23 15  
0 0 6 0 0 0 0 0 8 23 0 7 17 0 0 0 4 0 0 0 18 1 10 3 0  
11 0 1 10 18 6 0 25 0 0 9 0 15 8 0 0 0 24 0 5 21 22 0 20 19  
0 20 0 4 21 0 10 11 18 0 6 14 25 0 0 9 0 8 15 0 24 0 0 0 0  
15 23 0 0 0 0 7 0 0 5 0 4 19 0 0 1 0 0 0 0 0 0 14 12 25  