4
0 16 6 0 9 0 0 0 0 0 12 0 0 0 0 0 
4 0 8 15 16 0 6 0 0 11 0 5 9 13 0 0
0 2 0 0 0 5 0 8 0 9 14 0 11 0 0 0 
0 14 1 0 0 0 11 0 15 0 16 10 0 0 12 0 
14 0 0 6 13 0 2 4 16 7 0 0 0 0 10 0 
0 0 2 0 7 0 0 0 0 13 6 11 0 16 1 0
0 0 0 7 0 1 0 12 0 0 3 14 0 6 13 11
1 0 16 0 0 8 0 6 0 0 0 0 0 0 7 4 
13 0 12 0 0 6 0 7 0 0 0 0 0 0 11 9 
0 0 0 8 0 11 0 13 0 0 7 2 0 10 16 6
0 0 10 0 2 0 0 0 0 12 11 15 0 8 3 0
16 0 0 11 8 0 9 14 1 10 0 0 0 0 5 0
0 6 3 0 0 0 8 0 14 0 1 16 0 0 4 0
0 8 0 0 0 16 0 2 0 5 9 0 13 0 0 0 
12 0 13 16 3 0 10 0 0 6 0 8 2 1 0 0 
0 4 14 0 6 0 0 0 0 0 15 0 0 0 0 0 